10000.0,66.5,48.17,162.63,44.66,194.54,176.99,201.51,194.42,132.47,143.42,98.41,42.96,177.62,34.1,161.73,139.18,47.67,152.17,47.73,114.71,114.85,162.64,172.81,189.62,106.21,64.06,93.11,35.23,92.82,121.41,185.95,113.37,40.4,93.54,20.96,105.33,208.44,24.29,190.22,173.02,57.15,32.23,39.09,111.21,96.7,147.24,195.89,118.61,56.64,40.35,193.44,165.2,27.81,152.69,103.15,177.49,150.43,175.67,218.5,35.11,133.12,71.68,183.84,118.78,189.75,166.32,123.69,119.25,67.57,57.19,24.92,94.71,139.83,124.35,148.69,110.44,82.7,156.89,13.83,117.01,88.02,165.91,205.82,167.08,51.24,27.51,58.3,26.42,126.17,138.36,67.9,87.01,113.72,132.24,184.18,125.93,73.31,56.91,108.44,138.06,168.67,181.8,43.3,52.49,77.72,181.74,26.59,190.55,24.76,36.14,123.84,152.73,95.2,140.67,60.32,57.61,94.6,149.67,60.89,185.64,44.64,43.81,60.2,109.53,56.38,94.4,15.86,101.55,106.03,113.05,25.81,88.79,68.2,37.08,130.3,82.73,173.76,192.96,125.64,166.28,24.09,35.71,111.8,16.66,170.9,33.95,21.92,160.77,48.39,172.66,66.26,123.41,25.89,157.19,159.89,27.88,146.12,54.73,82.83,117.99,129.76,161.12,83.15,188.32,111.62,166.87,194.55,177.2,28.4,17.38,53.65,182.75,164.44,77.12,93.07,115.26,148.55,63.57,27.54,30.86,109.1,64.24,105.13,116.36,139.47,165.68,34.65,10.42,106.19,155.14,16.86,25.56,31.51,151.53,21.67,17.99,102.68,160.71,164.22,23.73,11.13,19.89,20.27,127.28,159.42,58.66,13.55,13.12
66.5,10000.0,69.73,170.79,37.63,215.45,197.91,222.42,165.86,120.54,164.33,119.32,63.87,198.53,78.81,125.65,160.1,92.38,116.09,50.82,135.62,121.53,165.17,193.73,210.53,66.45,18.23,114.03,52.93,113.73,110.39,206.86,116.41,48.48,87.91,82.15,126.25,229.36,85.48,211.13,193.94,74.85,68.51,44.98,104.52,117.62,168.16,216.8,82.53,77.55,61.27,214.36,167.72,39.87,116.61,124.07,198.4,158.58,196.59,239.42,48.95,112.74,92.6,204.75,96.95,161.19,130.24,118.06,83.17,69.01,56.64,86.11,90.95,103.75,145.26,169.61,104.81,103.61,165.57,75.02,111.38,108.93,186.82,226.73,187.99,72.16,88.69,63.43,87.61,90.09,102.28,88.81,81.38,134.64,96.15,148.25,121.03,67.8,69.03,129.35,107.55,189.58,202.71,23.21,70.19,98.64,202.65,76.32,211.47,85.94,57.06,122.07,173.64,116.11,161.59,81.24,9.15,115.52,170.58,81.8,206.56,65.56,43.18,70.46,130.44,77.3,88.77,77.05,95.92,126.94,133.97,49.75,83.16,89.11,73.36,94.22,77.1,194.68,213.88,89.55,187.2,60.38,30.8,75.72,77.85,191.81,37.22,71.46,181.68,64.73,193.58,63.51,144.33,45.34,159.63,180.81,74.62,167.04,57.82,77.2,118.71,93.68,125.04,104.07,209.23,132.54,130.79,158.47,198.12,42.81,62.02,65.76,203.66,185.36,71.49,113.99,115.77,169.46,84.48,63.83,50.64,110.77,85.15,126.05,80.28,160.38,186.59,55.57,72.58,100.56,176.06,58.32,64.31,67.79,172.44,60.42,51.14,117.8,181.62,185.13,50.0,76.86,48.31,59.02,91.2,180.34,79.58,56.82,57.3
48.17,69.73,10000.0,190.35,52.3,222.27,204.72,229.24,222.15,160.19,171.14,126.14,70.69,205.35,28.68,189.46,166.91,18.88,179.9,75.46,142.43,142.58,190.37,200.54,217.34,133.94,51.49,120.84,62.96,120.55,149.14,213.68,141.1,68.12,48.72,41.09,133.06,236.17,58.82,217.95,200.75,84.88,19.36,54.09,138.94,124.43,174.97,223.62,146.34,84.37,68.08,221.17,192.93,55.54,180.42,130.88,205.21,178.15,203.4,246.23,62.83,160.85,99.41,211.57,146.51,217.48,194.05,78.86,146.97,22.75,84.92,59.44,122.44,167.56,152.08,176.42,65.62,110.42,184.62,48.36,72.19,115.74,193.63,233.54,194.81,78.97,47.44,86.03,60.95,153.9,166.09,95.63,42.18,141.45,159.96,211.91,153.66,28.49,9.56,136.16,165.78,196.39,209.53,61.33,80.21,105.45,209.46,35.01,218.28,59.28,63.87,151.56,180.46,122.92,168.4,88.05,75.65,122.33,177.4,88.62,213.37,72.37,71.54,13.38,137.25,84.11,49.58,50.39,56.73,133.76,140.78,34.95,43.97,95.92,15.28,158.03,37.9,201.49,220.69,153.36,194.01,26.75,53.74,139.53,51.19,198.62,48.95,30.16,188.49,9.39,200.39,21.44,151.14,45.03,184.92,187.62,33.31,173.85,82.46,38.01,145.72,157.49,188.85,110.88,216.05,139.35,194.6,222.28,204.93,45.29,35.74,8.82,210.48,192.17,32.3,120.8,142.98,176.27,91.3,21.75,58.58,136.83,91.97,132.86,144.09,167.2,193.4,62.38,49.45,61.36,182.87,41.64,56.21,26.49,179.25,52.32,44.46,130.41,188.44,191.95,51.46,50.2,36.79,50.92,155.01,187.15,86.39,41.67,40.62
162.63,170.79,190.35,10000.0,166.89,55.79,38.24,62.76,37.86,50.25,23.42,80.1,132.04,38.87,184.27,149.75,33.12,197.84,88.82,143.99,59.13,70.54,5.62,34.06,50.87,111.03,186.3,79.99,134.0,77.26,88.77,47.2,80.74,138.4,235.28,177.68,58.01,64.0,181.01,51.47,34.28,119.13,173.97,161.32,84.19,71.02,15.18,57.14,100.35,122.79,124.62,36.88,11.99,150.05,140.71,66.26,30.1,19.38,36.92,74.07,142.34,59.41,94.21,45.09,88.59,33.18,104.24,265.43,107.27,209.31,136.25,181.64,90.64,86.74,76.78,29.06,252.18,83.03,8.89,170.55,258.75,86.58,18.52,61.38,28.33,117.39,184.23,127.66,183.14,85.41,70.22,100.57,228.75,52.42,75.59,30.97,55.59,215.05,198.65,65.56,91.79,29.92,43.05,160.1,118.15,88.68,42.99,183.31,51.8,181.48,130.04,77.57,11.07,76.88,30.65,106.62,167.36,78.65,20.15,114.97,29.08,138.0,140.06,201.94,76.67,112.13,236.14,172.58,243.29,79.49,67.71,161.31,230.53,98.8,178.82,92.55,224.47,35.01,48.52,90.07,18.9,165.83,157.95,99.82,173.38,23.51,156.19,178.64,22.02,190.13,33.92,208.0,39.9,148.12,11.59,8.76,184.6,26.49,150.99,224.57,71.72,86.36,97.77,90.78,49.57,55.3,130.44,109.53,29.82,154.28,165.1,195.39,26.18,25.7,218.86,84.17,75.42,30.11,101.0,169.28,139.4,79.16,112.21,78.59,94.37,23.26,26.93,133.34,168.12,247.93,22.78,161.4,159.85,173.25,12.78,155.96,149.51,86.18,21.96,25.47,140.96,172.39,155.39,154.56,79.71,20.67,107.74,152.35,158.13
44.66,37.63,52.3,166.89,10000.0,198.95,181.4,205.92,198.84,136.88,147.83,102.82,47.37,182.03,53.94,154.42,143.59,67.51,144.86,52.15,119.12,119.26,167.06,177.22,194.03,95.22,19.4,97.52,39.64,97.23,125.82,190.36,117.78,44.81,88.24,60.3,109.74,212.85,63.63,194.63,177.44,61.56,43.64,7.22,115.62,101.11,151.65,200.3,111.3,61.05,44.76,197.85,169.61,21.03,145.38,107.56,181.9,154.84,180.08,222.91,39.52,137.53,76.09,188.25,125.72,194.16,159.01,118.38,111.94,62.27,61.6,64.26,99.12,132.52,128.76,153.1,105.14,87.11,161.31,53.17,111.71,92.43,170.32,210.23,171.49,55.65,66.85,62.71,65.76,118.86,131.05,72.31,81.7,118.14,124.92,188.59,130.34,68.01,51.61,112.85,136.32,173.08,186.21,27.34,56.9,82.14,186.15,51.44,194.96,64.1,40.55,128.25,157.14,99.61,145.08,64.73,37.92,99.02,154.08,65.3,190.06,49.05,48.22,54.89,113.94,60.79,89.1,55.2,96.25,110.44,117.47,24.87,83.49,72.61,48.49,122.99,77.42,178.17,197.37,118.32,170.7,35.5,19.75,104.49,56.0,175.31,14.6,46.59,165.18,47.32,177.07,60.96,127.83,20.46,161.6,164.31,49.74,150.54,59.15,77.53,122.4,122.45,153.81,87.56,192.73,116.03,159.56,187.24,181.61,15.67,37.14,48.34,187.16,168.86,71.82,97.48,119.67,152.96,67.98,38.95,35.27,113.51,68.65,109.54,109.05,143.88,170.09,39.06,50.73,100.89,159.56,33.44,40.52,42.92,155.94,36.64,28.28,107.09,165.12,168.63,28.15,55.01,23.43,35.24,119.97,163.83,63.07,30.11,32.42
194.54,215.45,222.27,55.79,198.95,10000.0,29.16,31.26,84.72,95.39,57.98,109.18,161.12,16.23,213.35,194.89,62.2,226.92,156.51,173.07,88.21,111.88,57.26,51.63,9.28,156.16,215.38,109.07,163.08,106.34,132.08,10.25,124.04,167.48,264.37,206.76,87.09,52.93,210.09,18.93,48.98,148.21,203.05,190.4,127.49,100.1,49.46,34.59,145.49,151.87,153.7,83.74,63.15,179.13,170.31,95.34,67.78,65.16,27.59,53.63,171.42,104.55,123.29,17.71,133.73,80.05,156.68,294.51,152.4,238.39,165.33,210.72,119.72,151.34,105.86,46.23,281.26,112.11,50.82,199.63,287.83,115.66,56.2,47.36,36.24,146.47,213.31,156.74,212.23,130.55,115.36,129.65,257.83,81.5,120.72,82.13,100.72,244.13,227.73,94.64,135.09,47.48,12.31,189.18,147.23,117.76,28.45,212.39,29.25,210.56,159.12,120.87,45.52,105.96,59.73,135.7,203.5,107.73,59.69,144.05,75.94,167.08,169.15,231.02,106.56,141.21,265.22,201.67,272.37,108.57,96.8,190.4,259.61,127.88,207.9,137.68,253.55,22.85,46.93,135.2,49.43,194.91,187.03,144.96,202.46,57.47,185.27,207.72,40.89,219.21,24.83,237.08,68.98,177.2,56.91,50.19,213.68,55.57,180.07,253.65,115.02,131.49,150.22,119.86,6.2,84.38,188.64,156.4,67.5,183.37,194.18,224.47,73.04,43.26,247.94,113.25,118.72,59.2,130.08,198.37,168.48,122.46,141.29,107.67,139.51,52.35,28.4,162.42,197.2,277.01,40.71,190.48,188.93,202.33,41.57,185.04,178.59,122.87,35.41,32.95,170.04,201.48,184.47,183.64,124.84,36.52,136.83,181.44,187.21
176.99,197.91,204.72,38.24,181.4,29.16,10000.0,49.57,70.05,80.72,43.32,94.51,146.46,15.1,198.69,180.22,47.54,212.25,141.85,158.41,73.55,97.22,42.59,36.97,30.76,141.5,200.71,94.41,148.42,91.67,117.41,23.43,109.37,152.81,249.7,192.1,72.43,69.74,195.43,38.28,34.32,133.55,188.38,175.74,112.83,85.43,34.79,43.95,130.83,137.21,139.03,69.07,48.49,164.47,155.65,80.68,53.12,50.5,23.73,71.93,156.76,89.88,108.63,15.03,119.06,65.38,142.02,279.85,137.74,223.73,150.67,196.06,105.06,136.68,91.2,31.57,266.6,97.45,36.15,184.97,273.17,101.0,41.54,69.14,21.57,131.81,198.65,142.08,197.56,115.88,100.7,114.98,243.16,66.84,106.06,67.47,86.06,229.47,213.07,79.98,120.42,32.82,17.72,174.52,132.57,103.1,8.47,197.73,38.61,195.9,144.46,106.2,30.86,91.3,45.07,121.04,188.83,93.07,45.03,129.38,61.27,152.41,154.48,216.36,91.9,126.55,250.56,187.0,257.71,93.9,82.13,175.73,244.95,113.22,193.23,123.02,238.88,11.24,56.28,120.54,34.77,180.25,172.36,130.29,187.8,42.8,170.6,193.06,26.23,204.54,6.74,222.42,54.32,162.54,42.25,35.52,199.01,40.91,165.41,238.99,100.36,116.83,135.55,105.19,25.8,69.72,173.97,141.73,52.83,168.7,179.51,209.81,58.38,28.6,233.28,98.59,104.06,44.53,115.42,183.7,153.81,107.79,126.63,93.0,124.84,37.68,13.73,147.75,182.53,262.35,26.05,175.82,174.26,187.66,26.9,170.37,163.93,108.2,20.75,18.29,155.37,186.81,169.81,168.97,110.18,21.86,122.16,166.77,172.55
201.51,222.42,229.24,62.76,205.92,31.26,49.57,10000.0,84.32,105.12,67.72,118.91,170.85,40.46,223.08,204.62,71.93,236.65,166.24,182.8,97.95,121.62,66.99,61.36,29.01,165.89,225.11,118.8,172.81,116.07,141.81,29.96,133.77,177.21,274.1,216.49,96.82,21.66,219.82,17.18,48.89,157.94,212.78,200.14,137.23,109.83,59.19,25.75,155.22,161.6,163.43,73.65,72.88,188.86,169.91,105.07,67.38,74.9,28.28,22.36,181.16,114.28,133.02,41.94,143.46,79.64,156.28,304.24,162.13,248.12,175.06,220.45,129.45,161.08,115.59,55.96,291.0,121.84,60.55,209.37,297.56,125.4,65.93,16.09,43.28,156.21,223.04,166.47,221.96,140.28,125.09,139.38,267.56,91.23,130.45,91.86,110.45,253.86,237.46,104.37,144.82,57.22,36.54,198.91,156.96,127.49,55.37,222.12,16.1,220.29,168.86,130.6,55.26,115.69,69.46,145.43,213.23,117.47,69.42,153.78,74.27,176.81,178.88,240.75,116.29,150.94,274.95,211.4,282.1,118.3,106.53,200.13,269.35,137.61,217.63,147.42,263.28,35.12,28.95,144.93,59.16,204.65,196.76,154.69,212.19,56.76,195.0,217.45,50.62,228.94,46.3,246.81,78.72,186.94,66.65,59.92,223.41,65.3,189.8,263.38,124.75,141.23,149.82,129.59,35.36,94.12,188.24,155.99,61.77,193.1,203.91,234.2,72.64,53.0,257.67,122.99,128.45,68.93,139.81,208.1,178.21,132.19,151.02,117.4,149.24,62.08,35.83,172.15,206.93,286.74,50.45,200.21,198.66,212.06,51.3,194.77,188.32,132.6,45.14,42.4,179.77,211.21,194.2,193.37,134.57,46.26,146.56,191.17,196.94
194.42,165.86,222.15,37.86,198.84,84.72,70.05,84.32,10000.0,56.45,60.79,111.99,163.93,70.76,216.16,99.92,65.01,229.73,77.03,175.88,91.02,76.73,32.23,65.95,82.76,106.16,175.23,111.88,165.89,109.14,94.97,79.09,86.93,170.29,267.17,209.57,89.9,70.85,212.9,83.36,42.6,151.02,205.86,193.21,90.39,102.91,52.26,65.21,91.93,154.68,156.51,21.72,36.9,181.94,85.59,98.15,16.94,42.17,68.81,80.91,174.23,65.6,126.1,76.98,89.59,4.67,71.97,297.32,102.4,241.2,168.14,213.53,122.53,83.71,108.67,60.95,284.07,114.92,52.47,202.44,290.64,118.47,28.52,68.22,60.22,149.28,216.12,159.55,215.03,82.65,76.42,132.45,260.64,84.31,81.78,17.61,61.78,246.94,230.54,97.45,97.98,61.81,74.94,191.99,150.04,120.57,74.88,215.2,83.69,213.37,161.93,83.76,47.17,108.77,62.54,138.51,162.5,110.54,42.95,146.86,15.09,169.89,171.95,233.83,109.37,144.02,268.03,204.47,275.18,111.38,99.6,193.2,262.42,130.69,210.71,77.11,256.36,66.9,55.37,79.05,34.52,197.72,189.84,94.95,205.27,31.8,188.08,210.53,53.91,222.02,65.8,239.89,71.79,180.01,34.39,43.68,216.49,58.38,182.88,256.46,77.91,87.51,65.5,122.67,81.46,87.19,103.92,71.68,22.54,186.17,196.99,227.28,14.09,57.59,250.75,116.06,81.61,62.0,132.89,201.17,171.29,85.35,144.1,110.48,86.85,55.15,58.82,165.22,200.01,279.82,54.67,193.29,191.74,205.14,44.67,187.85,181.4,92.38,53.85,57.36,172.85,204.28,187.28,186.45,85.9,52.56,139.63,184.24,190.02
132.47,120.54,160.19,50.25,136.88,95.39,80.72,105.12,56.45,10000.0,45.24,50.56,102.75,81.43,154.98,99.5,65.78,168.55,61.12,114.7,52.61,20.29,44.63,76.62,93.43,60.77,129.85,42.7,104.71,47.72,38.52,89.76,30.48,109.11,205.99,148.39,43.24,112.25,151.72,94.03,76.84,89.84,144.68,132.03,33.94,45.8,53.27,99.7,50.1,93.5,95.33,72.07,47.18,120.76,90.46,36.65,63.2,38.04,79.48,122.31,113.05,9.16,64.92,87.65,38.34,51.77,76.53,221.6,57.01,180.02,87.15,152.35,44.58,55.96,67.52,62.84,208.35,47.67,45.03,141.26,214.92,44.33,68.52,109.63,70.89,88.1,154.94,72.07,153.85,35.16,19.97,71.28,199.46,51.63,25.33,38.83,5.33,185.76,169.36,51.61,41.53,72.48,85.61,131.17,88.86,59.39,85.55,154.02,94.36,152.19,100.75,27.31,49.86,47.34,63.32,77.33,117.11,36.4,47.55,85.68,64.27,108.71,110.77,172.65,26.41,82.84,206.85,143.29,201.74,31.81,56.23,132.02,201.24,69.51,149.53,42.3,195.18,77.57,96.77,39.81,68.9,136.54,128.66,49.57,144.09,73.51,126.9,149.35,64.58,160.84,76.47,178.71,61.32,118.83,39.09,52.64,155.31,60.27,121.7,195.28,21.47,36.11,70.07,51.56,92.13,49.52,104.63,103.5,68.8,124.99,135.81,166.1,61.38,68.26,189.57,41.92,25.17,62.35,71.71,139.99,110.11,28.9,82.92,33.81,44.12,55.92,69.49,104.05,138.83,204.1,65.34,132.11,130.56,143.96,55.34,126.67,120.22,35.93,64.52,68.03,111.67,143.1,126.1,125.27,29.45,63.23,78.45,123.06,128.84
143.42,164.33,171.14,23.42,147.83,57.98,43.32,67.72,60.79,45.24,10000.0,60.97,112.91,44.47,165.14,144.74,14.0,178.71,106.36,124.86,40.01,63.68,17.8,39.66,56.47,106.02,167.17,60.87,114.88,58.13,83.87,52.8,75.83,119.27,216.16,158.55,38.88,75.29,161.88,57.07,39.88,100.0,154.84,142.2,79.29,51.89,10.73,62.74,95.34,103.66,105.49,60.29,20.35,130.92,135.7,47.14,44.34,7.2,42.52,85.35,123.22,54.4,75.08,50.69,83.58,56.6,121.78,246.3,102.26,190.19,117.12,162.51,71.51,101.2,57.65,15.13,233.06,63.9,17.13,151.43,239.62,67.46,32.76,72.67,33.93,98.27,165.1,108.54,164.02,80.4,65.21,81.44,209.62,33.29,70.58,39.33,50.58,195.93,179.53,46.43,86.88,35.52,48.65,140.98,99.02,69.55,48.59,164.18,57.4,162.35,110.92,72.66,14.79,57.76,11.52,87.5,155.29,59.53,6.36,95.84,52.5,118.87,120.94,182.81,58.35,93.0,217.02,153.46,224.16,60.36,48.59,142.19,211.41,79.67,159.69,87.54,205.34,40.61,59.81,85.06,33.14,146.71,138.82,94.81,154.26,37.75,137.06,159.52,27.62,171.0,39.52,188.88,20.78,129.0,12.35,26.75,165.47,12.57,131.86,205.45,66.81,81.35,115.31,71.65,55.17,36.18,149.88,132.95,44.05,135.16,145.97,176.26,49.6,31.3,199.74,65.05,70.51,14.64,81.88,150.16,120.27,74.25,93.08,59.46,89.36,8.21,32.53,114.21,148.99,228.8,21.59,142.27,140.72,154.12,18.38,136.83,130.38,74.66,27.56,31.07,121.83,153.27,136.27,135.43,74.7,26.27,88.62,133.23,139.01
98.41,119.32,126.14,80.1,102.82,109.18,94.51,118.91,111.99,50.56,60.97,10000.0,68.06,94.98,120.29,140.33,56.54,133.86,103.17,80.01,20.1,32.94,80.0,90.17,106.97,85.71,122.32,14.95,70.03,9.71,53.13,103.31,45.1,74.42,171.31,113.7,22.69,125.8,117.03,107.58,90.38,55.16,109.99,97.35,42.97,10.83,64.6,113.25,90.93,58.81,60.64,110.8,82.56,86.07,131.29,20.51,94.84,67.78,93.03,135.86,78.37,51.21,30.23,101.2,68.62,107.11,118.59,201.45,97.84,145.34,72.27,117.66,28.57,98.01,33.31,66.05,188.21,19.05,74.25,106.58,194.77,24.51,83.26,123.17,84.44,53.42,120.25,63.69,119.17,75.98,62.02,36.59,164.77,31.08,67.39,101.54,44.02,151.08,134.68,17.4,56.15,86.02,99.16,96.13,54.17,24.7,99.09,119.33,107.91,117.5,66.07,41.93,70.09,9.96,58.03,42.65,110.44,17.49,67.03,50.99,103.0,74.02,76.09,137.96,27.62,48.15,172.17,108.61,179.31,24.12,22.01,97.34,166.56,34.83,114.84,84.35,160.49,91.12,110.32,80.64,83.64,101.86,93.97,90.4,109.41,88.25,92.21,114.67,78.12,126.15,90.02,144.03,40.77,84.15,74.55,77.25,120.62,63.48,87.01,160.6,36.08,74.33,112.12,26.8,105.68,28.98,145.46,145.55,94.56,90.31,101.12,131.41,100.11,81.8,154.89,22.1,39.78,65.9,37.03,105.31,75.42,38.13,48.23,23.22,84.94,56.83,83.03,69.36,104.14,183.95,72.5,97.42,95.87,109.27,68.88,91.98,85.53,31.71,78.07,81.58,76.98,108.42,91.42,90.58,71.51,76.78,43.77,88.38,94.16
42.96,63.87,70.69,132.04,47.37,161.12,146.46,170.85,163.93,102.75,112.91,68.06,10000.0,147.15,64.74,148.83,108.71,78.31,139.27,34.83,84.23,84.38,132.17,142.34,159.15,93.31,66.76,62.64,22.33,62.35,90.94,155.48,82.9,27.49,115.75,58.15,74.86,177.97,61.48,159.75,142.55,34.75,54.44,41.79,83.46,66.23,116.77,165.42,105.71,17.57,6.13,162.97,134.73,30.52,139.79,72.68,147.01,119.95,145.2,188.03,22.81,102.65,41.21,153.37,103.56,159.28,153.42,145.9,106.34,89.78,44.29,62.11,64.24,126.93,93.88,118.22,132.65,52.22,126.42,51.02,139.22,57.55,135.43,175.34,136.61,20.77,64.7,43.29,63.61,113.27,113.46,37.43,109.21,83.25,118.82,153.71,95.46,95.52,79.12,77.97,107.58,138.19,151.33,40.57,32.34,47.25,151.26,63.78,160.08,61.95,10.51,93.36,122.26,64.72,110.2,29.85,54.89,64.13,119.2,30.42,155.17,5.96,30.91,82.41,79.06,25.91,116.61,53.05,123.76,75.56,82.58,41.78,111.0,37.73,59.29,117.4,104.94,143.29,162.49,112.73,135.81,46.3,38.41,98.9,53.85,140.42,36.66,59.11,130.29,70.59,142.19,88.47,92.94,28.59,126.72,129.42,65.07,115.65,41.83,105.04,87.52,112.14,148.22,52.68,157.85,81.15,153.97,181.65,146.73,34.75,45.57,75.86,152.28,133.97,99.33,62.6,84.79,118.07,33.1,49.75,19.87,78.63,33.77,74.66,103.46,109.0,135.2,8.45,48.59,128.4,124.67,41.87,40.31,53.72,121.05,36.43,29.98,72.21,130.24,133.75,21.43,52.86,35.86,35.02,114.38,128.95,28.19,32.82,38.6
177.62,198.53,205.35,38.87,182.03,16.23,15.1,40.46,70.76,81.43,44.47,94.98,147.15,10000.0,199.29,180.83,48.15,212.86,142.45,159.01,74.16,97.83,43.2,37.58,17.85,142.11,201.32,95.02,149.03,92.28,118.02,10.53,109.98,153.42,250.31,192.71,73.03,61.46,196.04,27.5,34.93,134.16,188.99,176.35,113.44,86.04,35.4,34.86,131.43,137.81,139.64,69.68,49.09,165.08,156.26,81.29,53.73,51.11,15.25,62.85,157.37,90.49,109.24,9.08,119.67,65.99,142.63,280.45,138.35,224.34,151.27,196.66,105.66,137.29,91.81,32.17,267.21,98.05,36.76,185.58,273.78,101.61,42.15,60.06,22.18,132.42,199.25,142.69,198.17,116.49,101.3,115.59,243.77,67.45,106.67,68.08,86.67,230.08,213.68,80.59,121.03,33.43,6.37,175.13,133.17,103.71,16.21,198.34,29.53,196.5,145.07,106.81,31.47,91.91,45.68,121.65,189.44,93.68,45.63,129.99,61.88,153.02,155.09,216.96,92.5,127.16,251.17,187.61,258.32,94.51,82.74,176.34,245.56,113.83,193.84,123.63,239.49,8.79,47.2,121.15,35.38,180.86,172.97,130.9,188.41,43.41,171.21,193.67,26.84,205.15,10.78,223.03,54.93,163.15,42.86,36.13,199.62,41.52,166.01,239.6,100.96,117.44,136.16,105.8,12.89,70.33,174.58,142.34,53.44,169.31,180.12,210.41,58.99,29.21,233.89,99.2,104.66,45.14,116.03,184.31,154.42,108.4,127.23,93.61,125.45,38.29,14.34,148.36,183.14,262.96,26.66,176.43,174.87,188.27,27.51,170.98,164.54,108.81,21.36,18.89,155.98,187.42,170.42,169.58,110.79,22.47,122.77,167.38,173.16
34.1,78.81,28.68,184.27,53.94,213.35,198.69,223.08,216.16,154.98,165.14,120.29,64.74,199.29,10000.0,183.98,161.42,13.57,174.42,69.98,136.95,137.1,184.89,195.06,211.86,128.46,73.58,115.35,57.48,115.06,143.65,208.19,135.62,62.64,76.46,18.32,127.58,230.69,30.78,212.46,195.27,79.4,22.33,48.61,133.46,118.94,169.48,218.13,140.86,78.88,62.6,215.69,187.44,50.06,174.94,125.39,199.73,172.67,197.92,240.75,57.35,155.36,93.93,206.08,141.03,211.99,188.56,106.61,141.49,50.49,79.43,42.75,116.95,162.08,146.59,170.94,93.36,104.94,179.14,28.86,99.93,110.26,188.15,228.06,189.32,73.48,24.67,80.55,44.25,148.41,160.6,90.14,69.92,135.97,154.48,206.42,148.18,56.23,37.3,130.68,160.3,190.91,204.04,55.84,74.73,99.97,203.98,12.24,212.79,42.59,58.39,146.08,174.97,117.44,162.91,82.57,70.16,116.85,171.91,83.13,207.89,66.89,66.05,41.13,131.77,78.63,77.32,27.45,84.47,128.27,135.3,32.33,71.71,90.44,27.18,152.55,65.65,196.01,215.2,147.88,188.53,21.26,48.26,134.05,34.49,193.14,43.47,18.33,183.01,38.49,194.91,49.18,145.66,39.55,179.44,182.14,6.07,168.37,76.98,65.75,140.23,152.01,183.36,105.4,210.56,133.86,189.11,216.79,199.44,39.81,19.04,36.57,204.99,186.69,60.04,115.32,137.5,170.79,85.81,17.23,53.1,131.34,86.48,127.37,138.6,161.71,187.92,56.9,32.75,89.11,177.39,26.68,50.73,12.29,173.77,46.84,38.98,124.93,182.95,186.46,45.98,33.5,31.3,45.44,149.53,181.66,80.9,36.19,31.49
161.73,125.65,189.46,149.75,154.42,194.89,180.22,204.62,99.92,99.5,144.74,140.33,148.83,180.83,183.98,10000.0,165.34,196.56,46.81,135.55,142.36,110.04,144.19,176.19,192.99,65.95,135.02,125.03,126.5,132.58,89.42,189.32,95.43,129.96,204.7,176.41,132.99,170.77,179.74,193.59,176.4,123.26,172.69,158.11,97.71,135.55,152.83,165.12,53.5,145.24,146.43,113.47,120.5,153.01,14.33,126.4,116.86,137.6,179.05,180.83,135.3,91.76,140.21,187.21,75.97,104.59,27.95,226.77,43.38,185.8,105.0,180.36,116.49,53.5,157.27,162.4,213.53,130.01,144.59,169.28,220.09,122.01,128.44,168.14,170.45,139.84,182.95,115.25,181.87,69.11,81.3,146.57,198.16,141.38,75.18,104.8,100.05,184.59,185.81,141.36,86.57,172.04,185.17,136.35,129.89,134.68,185.11,182.04,193.92,180.2,142.22,101.09,149.43,137.09,162.88,138.6,122.29,126.15,147.12,145.69,115.0,150.51,131.63,187.25,116.16,131.1,205.56,171.31,206.92,121.56,145.98,162.89,199.95,144.8,177.54,63.64,193.89,177.14,155.28,68.58,134.44,164.56,143.93,51.01,172.11,131.72,150.36,177.37,164.14,188.85,176.04,180.3,151.07,146.85,138.65,152.2,183.32,159.84,142.55,193.99,107.22,72.7,35.29,129.24,191.69,139.27,5.13,45.86,122.46,155.95,163.82,182.55,114.01,167.82,188.28,115.62,104.28,161.91,141.85,168.01,138.91,100.82,146.93,123.56,59.3,155.48,169.05,140.52,166.84,209.27,164.9,160.12,158.57,171.97,154.9,154.68,148.24,107.85,164.08,167.59,139.68,171.12,154.12,153.28,70.23,162.79,142.47,151.08,156.86
139.18,160.1,166.91,33.12,143.59,62.2,47.54,71.93,65.01,65.78,14.0,56.54,108.71,48.15,161.42,165.34,10000.0,174.76,127.26,120.91,36.05,59.72,33.12,43.28,60.09,126.91,163.22,56.91,110.92,54.18,79.91,56.42,71.88,115.32,212.2,154.6,34.93,78.91,157.93,60.69,43.5,96.05,150.89,138.24,75.33,47.94,17.71,66.36,116.24,99.71,101.54,63.91,35.67,126.97,156.6,43.18,47.96,20.9,46.14,88.97,119.26,75.3,71.13,54.31,95.41,60.22,142.67,242.35,123.15,186.23,113.17,158.56,67.56,122.1,53.7,19.16,229.1,59.95,27.37,147.47,235.67,63.5,36.38,76.29,37.55,94.31,161.15,104.58,160.06,101.3,86.11,77.49,205.67,29.34,91.47,54.65,71.47,191.97,175.57,42.48,82.93,39.14,52.27,137.02,95.07,65.6,52.21,160.23,61.02,158.4,106.96,68.71,23.2,53.8,11.14,83.54,151.34,55.57,20.14,91.89,56.12,114.92,116.98,178.86,54.4,89.05,213.06,149.51,220.21,56.41,44.63,138.23,207.45,75.72,155.74,108.44,201.39,44.23,63.43,105.95,36.76,142.75,134.87,115.71,150.3,41.37,133.11,155.56,31.24,167.05,43.13,184.92,16.82,125.04,27.67,30.37,161.52,16.6,127.91,201.49,62.86,102.25,136.21,67.7,58.79,32.22,170.77,136.57,47.67,131.2,142.02,172.31,53.22,34.92,195.78,61.09,66.56,19.02,77.92,146.2,116.32,70.3,89.13,55.51,110.26,9.94,36.15,110.26,145.04,224.85,25.62,138.32,136.77,150.17,22.0,132.88,126.43,70.7,31.18,34.69,117.88,149.31,132.31,131.48,95.59,29.89,84.66,129.27,135.05
47.67,92.38,18.88,197.84,67.51,226.92,212.25,236.65,229.73,168.55,178.71,133.86,78.31,212.86,13.57,196.56,174.76,10000.0,187.98,83.55,150.52,150.66,198.46,208.62,225.43,142.03,69.43,128.92,71.04,128.63,157.22,221.76,149.18,76.21,66.66,31.89,141.14,244.25,44.35,226.03,208.84,92.96,33.59,62.17,147.02,132.51,183.05,231.7,154.43,92.45,76.17,229.25,201.01,63.62,188.5,138.96,213.3,186.24,211.48,254.31,70.92,168.93,107.5,219.65,154.59,225.56,202.13,96.8,155.06,40.68,93.0,56.32,130.52,175.64,160.16,184.5,83.56,118.51,192.71,42.43,90.12,123.83,201.72,241.63,202.89,87.05,38.24,94.11,57.82,161.98,174.17,103.71,60.12,149.54,168.05,219.99,161.74,46.42,27.49,144.25,173.87,204.48,217.61,69.41,88.3,113.54,217.55,25.81,226.36,56.15,71.95,159.65,188.54,131.01,176.48,96.13,83.73,130.42,185.48,96.7,221.46,80.45,79.62,31.32,145.34,92.19,67.51,41.02,74.66,141.84,148.87,45.9,61.91,104.01,29.51,166.12,55.84,209.57,228.77,161.45,202.1,34.83,61.82,147.61,48.06,206.71,57.04,31.9,196.58,27.33,208.47,39.37,159.23,53.12,193.0,195.71,19.64,181.94,90.55,55.94,153.8,165.57,196.93,118.96,224.13,147.43,202.68,230.36,213.01,53.38,32.61,26.76,218.56,200.26,50.23,128.88,151.07,184.36,99.38,30.8,66.67,144.91,100.05,140.94,152.17,175.28,201.49,70.46,46.32,79.3,190.96,40.25,64.3,25.85,187.34,60.41,52.54,138.5,196.52,200.03,59.55,47.07,44.87,59.01,163.1,195.23,94.47,49.75,45.06
152.17,116.09,179.9,88.82,144.86,156.51,141.85,166.24,77.03,61.12,106.36,103.17,139.27,142.45,174.42,46.81,127.26,187.98,10000.0,125.99,105.26,72.94,83.2,137.78,154.59,56.39,125.46,88.87,116.94,100.37,53.26,150.92,59.27,120.4,195.14,166.84,95.89,147.87,170.17,155.19,137.99,113.7,163.13,148.55,61.55,98.45,114.43,142.23,42.16,132.63,134.46,90.58,77.14,143.45,32.49,89.3,93.96,99.2,140.64,157.94,125.74,53.36,104.06,148.81,39.82,81.7,18.86,217.21,52.63,176.24,95.44,170.8,80.34,7.16,120.17,124.0,203.97,93.85,106.19,159.72,210.53,85.85,105.54,145.25,132.05,127.24,173.39,105.69,172.31,32.87,42.89,110.41,188.6,104.28,36.77,61.44,61.65,175.03,176.25,104.26,50.41,133.64,146.77,126.79,120.33,98.53,146.7,172.47,155.52,170.64,132.66,64.93,111.02,100.0,124.47,116.47,112.73,89.06,108.71,124.81,92.11,140.95,122.07,177.69,79.07,121.54,196.0,161.75,197.36,84.46,108.88,153.32,190.39,108.65,167.98,18.92,184.33,138.73,132.39,29.28,111.55,155.0,134.37,45.18,162.55,108.83,140.8,167.81,125.73,179.29,137.63,170.74,113.97,137.29,100.24,113.8,173.76,121.43,132.99,184.43,71.06,37.74,12.4,93.08,153.29,102.18,45.07,45.82,99.57,146.39,154.26,172.99,91.12,129.41,178.72,79.46,68.12,123.5,110.85,158.45,129.35,64.66,122.06,86.46,37.08,117.08,130.64,130.96,157.28,199.71,126.5,150.56,149.01,162.41,116.5,145.12,138.67,71.69,125.68,129.19,130.12,161.56,144.56,143.72,31.82,124.39,117.59,141.52,147.3
47.73,50.82,75.46,143.99,52.15,173.07,158.41,182.8,175.88,114.7,124.86,80.01,34.83,159.01,69.98,135.55,120.91,83.55,125.99,10000.0,96.18,96.33,144.12,154.29,171.09,80.03,60.18,74.59,13.5,74.29,87.8,167.43,79.76,11.12,120.01,62.41,86.81,189.92,65.74,171.7,154.5,31.91,58.69,46.05,85.03,78.18,128.72,177.36,92.43,48.72,32.43,174.92,146.68,34.78,126.51,84.63,158.96,131.9,157.15,199.98,18.09,114.6,53.16,165.31,92.6,171.23,140.14,150.15,93.07,94.04,31.01,66.36,59.64,113.65,105.83,130.17,136.91,64.17,138.37,55.28,143.48,69.49,147.38,187.29,148.56,43.32,68.95,32.12,67.87,99.99,112.18,49.38,113.47,95.2,106.05,165.66,107.41,99.78,83.38,89.91,107.49,150.14,163.28,39.89,27.24,59.2,163.21,68.04,172.03,66.2,28.22,105.31,134.21,76.67,122.15,41.8,46.69,76.08,131.14,52.97,167.12,36.51,9.52,86.66,91.0,32.85,120.87,57.31,128.02,87.51,94.53,46.04,115.26,49.67,63.54,104.12,109.19,155.24,174.44,99.46,147.76,50.56,36.72,85.62,58.11,152.37,40.91,63.37,142.24,74.85,154.14,92.73,104.89,32.85,138.67,141.37,69.32,127.6,11.89,109.3,99.46,103.58,134.94,64.63,169.8,93.1,140.69,168.37,158.68,39.01,49.82,80.11,164.23,145.92,103.59,74.55,81.65,130.02,45.04,54.01,24.91,75.49,50.13,86.61,90.18,120.95,147.15,26.52,52.84,132.66,136.62,46.13,44.57,57.97,133.0,40.68,34.24,69.07,142.18,145.7,25.68,57.12,40.12,39.28,101.1,140.9,50.74,37.08,42.86
114.71,135.62,142.43,59.13,119.12,88.21,73.55,97.95,91.02,52.61,40.01,20.1,84.23,74.16,136.95,142.36,36.05,150.52,105.26,96.18,10000.0,35.01,59.25,69.41,86.22,93.73,138.5,32.19,86.2,29.46,55.2,82.55,47.16,90.6,187.49,129.88,10.21,105.04,133.21,86.82,69.63,71.33,126.17,113.53,50.62,14.83,43.84,92.49,92.99,74.99,76.82,90.04,61.8,102.25,133.35,18.46,74.09,47.03,72.27,115.1,94.55,53.27,46.41,80.44,70.69,86.35,120.65,217.63,99.9,161.51,88.45,133.84,42.84,100.07,17.65,45.29,204.39,35.23,53.5,122.76,210.95,38.79,62.51,102.42,63.68,69.59,136.43,79.86,135.35,78.05,64.09,52.77,180.95,10.33,69.45,80.78,46.09,167.25,150.85,6.43,58.21,65.27,78.4,112.3,70.35,40.88,78.34,135.51,87.15,133.68,82.25,43.99,49.33,22.1,37.27,58.82,126.62,30.85,46.27,67.17,82.25,90.2,92.27,154.14,29.68,64.33,188.34,124.79,195.49,31.69,8.58,113.52,182.73,51.0,131.02,86.41,176.67,70.36,89.56,82.7,62.89,118.03,110.15,92.46,125.58,67.5,108.39,130.84,57.37,142.33,69.27,160.2,20.02,100.32,53.8,56.5,136.8,42.73,103.19,176.77,38.14,76.4,114.18,42.98,84.92,8.4,147.52,147.61,73.8,106.49,117.3,147.59,79.35,61.05,171.06,36.37,41.84,45.15,53.2,121.49,91.6,45.58,64.41,30.79,87.01,36.07,62.28,85.54,120.32,200.13,51.75,113.6,112.05,125.45,48.13,108.16,101.71,45.99,57.31,60.82,93.16,124.6,107.59,106.76,73.57,56.02,59.95,104.56,110.33
114.85,121.53,142.58,70.54,119.26,111.88,97.22,121.62,76.73,20.29,63.68,32.94,84.38,97.83,137.1,110.04,59.72,150.66,72.94,96.33,35.01,10000.0,64.92,93.1,109.91,61.4,139.39,25.08,87.1,30.1,22.86,106.24,14.83,91.49,188.38,130.78,25.62,128.73,134.11,110.51,93.31,72.23,127.06,114.42,18.28,28.18,67.53,116.18,60.66,75.88,77.71,92.36,67.47,103.15,101.02,19.04,97.78,58.33,95.96,138.79,95.44,20.94,47.31,104.13,38.36,72.06,88.32,218.53,67.57,162.41,71.49,134.74,30.78,67.74,49.91,68.98,205.28,30.06,65.32,123.65,211.85,26.72,86.2,126.1,87.37,70.49,137.32,58.27,136.24,45.71,31.75,53.66,181.84,34.01,37.12,59.12,13.75,168.15,151.75,33.99,25.88,88.96,102.09,113.2,71.25,41.78,102.03,136.41,110.84,134.57,83.14,11.66,73.02,29.73,60.96,59.72,118.16,18.79,67.84,68.06,84.56,91.09,93.16,155.03,8.8,65.23,189.24,125.68,196.39,14.19,38.61,114.41,183.63,51.9,131.91,54.08,177.56,94.05,113.25,50.37,86.57,118.93,111.04,60.13,126.48,91.19,109.28,131.74,81.05,143.22,92.95,161.1,43.7,101.22,59.37,80.18,137.69,66.41,104.09,177.67,5.81,44.06,81.85,33.95,108.61,31.91,115.19,115.28,97.49,107.38,118.19,148.48,81.66,84.73,171.96,24.31,9.51,68.84,54.1,122.38,92.49,13.25,65.31,16.19,54.67,59.76,85.96,86.43,121.21,201.03,75.43,114.5,112.94,126.34,71.82,109.05,102.61,20.28,81.0,84.51,94.05,125.49,108.49,107.65,41.24,79.71,60.84,105.45,111.23
162.64,165.17,190.37,5.62,167.06,57.26,42.59,66.99,32.23,44.63,17.8,80.0,132.17,43.2,184.89,144.19,33.12,198.46,83.2,144.12,59.25,64.92,10000.0,38.4,55.2,105.4,174.47,79.63,133.64,76.89,83.15,51.54,75.11,138.03,234.92,177.32,57.64,68.34,180.65,55.81,38.61,118.77,173.6,160.96,78.57,70.65,20.25,61.47,94.73,122.42,124.25,31.25,6.37,149.69,135.09,65.9,22.38,13.75,41.26,78.4,141.98,53.79,93.85,49.42,82.97,27.56,98.61,265.06,101.64,208.95,135.89,181.28,90.28,81.11,76.42,29.82,251.82,82.66,10.24,170.19,258.39,86.22,22.86,65.71,32.67,117.03,183.86,127.3,182.78,79.79,64.6,100.2,228.38,52.06,69.96,25.35,49.96,214.69,198.29,65.2,86.16,34.25,47.39,159.74,117.78,88.32,47.32,182.95,56.14,181.11,129.68,71.94,15.07,76.52,30.29,106.26,161.74,78.29,14.53,114.6,23.45,137.63,139.7,201.57,71.04,111.77,235.78,172.22,242.93,79.12,67.35,160.95,230.17,98.44,178.45,86.92,224.1,39.35,52.86,84.44,23.24,165.47,157.58,94.2,173.02,27.85,155.82,178.28,26.35,189.76,38.25,207.64,39.54,147.76,5.97,13.09,184.23,27.25,150.62,224.21,66.1,80.73,92.15,90.41,53.91,54.94,124.82,103.91,27.99,153.92,164.73,195.02,20.56,30.03,218.5,83.81,69.8,29.32,100.64,168.92,139.03,73.53,111.84,78.22,88.75,22.9,31.26,132.97,167.75,247.57,27.11,161.04,159.48,172.88,17.11,155.59,149.15,80.56,26.29,29.81,140.59,172.03,155.03,154.19,74.08,25.01,107.38,151.99,157.77
172.81,193.73,200.54,34.06,177.22,51.63,36.97,61.36,65.95,76.62,39.66,90.17,142.34,37.58,195.06,176.19,43.28,208.62,137.78,154.29,69.41,93.1,38.4,10000.0,49.56,137.66,196.87,90.57,144.58,87.83,113.57,45.9,105.53,148.98,245.86,188.26,68.59,72.83,191.59,50.16,37.41,129.71,184.55,171.9,108.99,81.59,30.95,55.83,126.99,133.37,135.19,65.23,44.65,160.63,151.81,76.84,49.28,46.66,35.62,82.89,152.92,86.04,104.79,43.78,115.22,61.54,138.18,276.01,133.9,219.89,146.83,192.22,101.22,132.84,87.36,24.66,262.76,93.61,32.31,181.13,269.33,97.16,37.7,70.2,31.46,127.97,194.81,138.24,193.72,112.04,96.86,111.14,239.32,63.0,102.22,63.63,82.22,225.63,209.23,76.14,116.58,15.02,41.74,170.68,128.73,99.26,41.68,193.89,50.5,192.06,140.62,102.36,27.02,87.46,41.23,117.2,184.99,89.23,41.19,125.54,57.43,148.57,150.64,212.52,88.06,122.71,246.72,183.16,253.87,90.06,78.29,171.89,241.11,109.38,189.39,119.18,235.04,33.71,57.34,116.7,31.69,176.41,168.52,126.45,183.96,39.72,166.76,189.22,27.41,200.7,32.61,218.58,50.48,158.7,38.41,31.68,195.17,31.99,161.57,235.15,96.52,112.99,131.71,101.35,48.26,65.88,170.14,137.89,48.99,164.86,175.67,205.97,54.54,8.37,229.44,94.75,100.22,40.69,111.58,179.86,149.97,103.95,122.79,89.17,121.0,33.84,25.62,143.91,178.69,258.51,19.15,171.98,170.42,183.83,23.07,166.53,160.09,104.36,23.83,23.87,151.53,182.97,165.97,165.13,106.34,16.62,118.32,162.93,168.71
189.62,210.53,217.34,50.87,194.03,9.28,30.76,29.01,82.76,93.43,56.47,106.97,159.15,17.85,211.86,192.99,60.09,225.43,154.59,171.09,86.22,109.91,55.2,49.56,10000.0,154.0,213.22,106.91,160.92,104.18,129.91,6.71,121.88,165.32,262.2,204.6,84.93,49.99,207.93,11.28,39.18,146.05,200.89,188.24,125.33,97.94,47.29,23.39,143.33,149.71,151.54,81.58,60.99,176.97,168.15,93.18,65.62,63.0,16.38,51.37,169.26,102.39,121.13,18.55,131.56,77.88,154.52,292.35,150.24,236.23,163.17,208.56,117.56,149.18,103.7,44.07,279.1,109.95,48.66,197.47,285.67,113.5,54.04,48.58,31.39,144.31,211.15,154.58,210.06,128.38,113.2,127.48,255.67,79.34,118.56,79.97,98.56,241.97,225.57,92.48,132.93,45.32,13.15,187.02,145.07,115.6,29.29,210.23,18.05,208.4,156.96,118.71,43.36,103.8,57.57,133.54,201.34,105.57,57.53,141.89,73.78,164.92,166.98,228.86,104.4,139.05,263.06,199.5,270.21,106.41,94.63,188.23,257.45,125.72,205.74,135.52,251.39,23.68,35.73,133.04,47.27,192.75,184.87,142.8,200.3,55.31,183.11,205.56,38.73,217.05,25.67,234.92,66.82,175.04,54.75,48.03,211.52,53.41,177.91,251.49,112.86,129.33,148.06,117.7,10.13,82.22,186.48,154.23,65.33,181.2,192.02,222.31,70.88,41.1,245.78,111.09,116.56,57.03,127.92,196.2,166.32,120.3,139.13,105.51,137.34,50.18,23.94,160.26,195.04,274.85,38.55,188.32,186.77,200.17,39.41,182.88,176.43,120.7,33.25,30.51,167.88,199.31,182.31,181.48,122.68,34.36,134.66,179.27,185.05
106.21,66.45,133.94,111.03,95.22,156.16,141.5,165.89,106.16,60.77,106.02,85.71,93.31,142.11,128.46,65.95,126.91,142.03,56.39,80.03,93.73,61.4,105.4,137.66,154.0,10000.0,75.84,73.08,70.98,80.62,50.69,150.6,56.7,74.44,145.53,120.89,84.35,173.09,124.22,154.87,137.67,67.74,117.17,98.94,44.39,83.95,114.1,160.53,22.83,89.72,90.91,132.9,108.02,93.83,56.91,77.76,124.03,98.87,140.32,183.15,79.78,53.04,88.26,148.48,37.25,101.48,70.53,167.6,23.46,126.63,49.48,124.85,64.54,44.05,108.63,123.68,154.35,78.05,105.86,113.76,160.92,70.05,129.35,170.46,131.73,84.32,127.43,59.73,126.35,30.38,42.57,90.66,138.99,92.74,36.45,88.55,61.33,125.41,126.64,92.72,47.84,133.31,146.45,77.17,74.37,82.73,146.38,126.52,155.2,124.68,86.7,62.36,110.7,82.45,124.15,83.08,63.11,71.59,108.39,90.17,125.11,94.99,76.11,128.07,67.52,75.58,146.39,115.79,147.74,72.92,97.34,103.71,140.78,90.96,122.02,34.52,134.71,138.41,157.61,29.85,129.73,109.04,84.76,16.02,116.59,134.34,91.18,121.85,125.41,133.33,137.31,121.13,102.43,91.33,99.92,113.47,127.8,121.11,87.03,134.81,58.58,33.98,65.33,77.28,152.97,90.64,71.08,98.76,129.64,96.77,108.3,123.38,122.21,129.09,129.11,63.66,55.64,123.18,86.33,112.49,83.39,50.64,91.41,74.92,20.57,116.76,130.32,85.0,111.32,150.1,126.18,104.61,103.05,116.45,116.17,99.16,92.72,57.67,125.35,128.87,84.16,115.6,102.27,97.76,31.5,124.07,86.95,95.56,101.34
64.06,18.23,51.49,186.3,19.4,215.38,200.71,225.11,175.23,129.85,167.17,122.32,66.76,201.32,73.58,135.02,163.22,69.43,125.46,60.18,138.5,139.39,174.47,196.87,213.22,75.84,10000.0,116.93,59.05,116.63,119.76,209.76,125.78,57.85,78.27,79.7,129.15,232.26,83.03,214.03,196.84,80.97,63.04,26.62,113.89,120.51,171.06,219.7,91.9,80.45,64.17,217.26,177.09,40.44,125.98,126.96,201.3,167.95,199.49,242.32,58.92,122.11,95.5,207.65,106.32,170.56,139.61,108.42,92.53,59.37,66.01,83.66,118.52,113.12,148.16,172.51,95.17,106.51,180.71,72.57,101.74,111.83,189.72,229.63,190.89,75.06,86.25,72.8,85.16,99.46,111.64,91.71,71.74,137.54,105.52,157.62,130.4,58.16,50.79,132.25,116.91,192.48,205.61,32.58,76.3,101.54,205.55,70.84,214.37,83.5,59.96,131.43,176.54,119.01,164.49,84.14,18.52,118.42,173.48,84.7,209.46,68.46,52.55,54.08,133.34,80.2,79.13,74.6,86.28,129.84,136.87,44.27,73.52,92.01,57.72,103.59,67.46,197.58,216.78,98.92,190.1,54.9,40.16,85.09,75.4,194.71,34.0,65.99,184.58,46.5,196.48,53.87,147.23,39.86,168.99,183.71,69.14,169.94,67.18,67.56,128.08,103.05,134.41,106.97,212.13,135.44,140.15,167.83,201.02,35.07,56.54,47.53,206.56,188.26,61.85,116.89,125.14,172.36,87.38,58.35,54.67,120.13,88.05,128.94,89.64,163.28,189.49,58.47,70.14,90.92,178.96,52.85,59.93,62.32,175.34,56.04,47.69,126.5,184.52,188.03,47.55,74.41,42.83,54.64,100.57,183.23,82.47,49.51,51.83
93.11,114.03,120.84,79.99,97.52,109.07,94.41,118.8,111.88,42.7,60.87,14.95,62.64,95.02,115.35,125.03,56.91,128.92,88.87,74.59,32.19,25.08,79.63,90.57,106.91,73.08,116.93,10000.0,63.85,9.91,37.85,103.49,29.82,68.25,165.14,107.53,22.88,125.98,110.86,107.76,90.57,48.98,103.82,91.18,30.38,13.24,64.78,113.43,75.65,52.64,54.47,110.99,82.74,79.9,116.01,20.69,95.03,67.97,93.21,136.05,72.2,43.35,24.06,101.38,50.47,107.29,104.24,195.28,82.56,139.16,66.1,111.49,15.98,83.67,41.89,66.24,182.04,12.88,74.44,100.41,188.6,11.93,83.45,123.36,84.62,47.24,114.08,57.51,113.0,60.7,54.16,30.42,158.6,31.27,59.52,101.72,36.16,144.9,128.5,25.98,48.29,86.21,99.34,89.95,48.0,18.53,99.28,113.16,108.09,111.33,59.9,34.06,70.27,11.74,58.21,36.47,104.27,8.8,67.21,44.82,103.19,67.85,69.92,131.79,19.76,41.98,165.99,102.44,173.14,16.26,30.6,91.17,160.38,28.65,108.67,70.03,154.32,91.31,110.5,65.36,83.83,95.68,87.8,75.12,103.23,88.44,86.04,108.49,78.31,119.98,90.21,137.85,40.96,77.97,74.74,77.44,114.45,63.67,80.84,154.42,28.22,59.05,97.78,20.63,105.86,29.16,130.18,131.21,94.74,84.14,94.95,125.24,100.29,81.99,148.71,9.52,31.92,66.09,30.85,99.14,69.25,25.54,42.06,15.36,69.66,57.01,83.22,63.19,97.97,177.78,72.69,91.25,89.7,103.1,69.07,85.81,79.36,19.13,78.25,81.76,70.81,102.25,85.24,84.41,57.96,76.96,37.6,82.21,87.98
35.23,52.93,62.96,134.0,39.64,163.08,148.42,172.81,165.89,104.71,114.88,70.03,22.33,149.03,57.48,126.5,110.92,71.04,116.94,13.5,86.2,87.1,133.64,144.58,160.92,70.98,59.05,63.85,10000.0,64.31,78.75,157.44,70.71,7.9,107.51,49.9,76.82,179.93,53.23,161.71,144.51,21.92,46.19,33.55,75.98,68.19,118.73,167.38,83.38,36.22,19.93,164.93,136.69,22.27,117.46,74.64,148.97,121.91,147.16,189.99,8.8,104.61,43.17,155.33,83.55,161.24,131.09,137.65,84.01,81.54,21.96,53.86,50.59,104.6,95.84,120.18,124.41,54.18,128.38,42.78,130.97,59.51,137.39,177.3,138.57,30.82,56.45,23.07,55.37,90.94,103.13,39.39,100.97,85.21,97.0,155.67,97.42,87.28,70.88,79.92,98.44,140.15,153.29,29.73,17.25,49.21,153.22,55.53,162.04,53.7,15.72,95.32,124.22,66.68,112.16,31.81,44.04,66.09,121.16,40.47,157.13,24.01,9.57,74.16,81.02,22.86,108.37,44.81,115.51,77.52,84.54,33.54,102.76,39.68,51.04,95.07,96.69,145.25,164.45,90.4,137.77,38.06,26.55,76.57,45.61,142.38,28.41,50.87,132.25,62.35,144.15,80.23,94.9,20.35,128.68,131.38,56.82,117.61,20.5,96.8,89.48,94.53,125.89,54.64,159.81,83.11,131.63,159.32,148.69,26.51,37.32,67.61,154.24,135.93,91.09,64.56,72.59,120.03,35.06,41.51,12.41,66.44,43.82,76.62,81.13,110.96,137.16,14.02,40.34,120.15,126.63,33.62,32.07,45.47,123.01,28.18,21.73,60.02,132.2,135.71,13.18,44.62,27.62,26.78,92.05,130.91,38.24,24.58,30.36
